Model	                 Content	a (Å)	c (Å)	c/a	V (Å3)	Esub (eV)	μ0Ms (T)	μ0Ha (T)
SmCo5	                  0.00	4.967	3.943	0.794	84.27	 0.00	1.14	44
Sm(Co0.95-xCu0.05Mnx)5	0.05	5.051	3.97	0.786	85.71	-0.59	1.14	33.22
	                      0.10	5.087	3.984	0.783	85.96	-1.13	1.21	22.02
	                      0.15	5.112	4.001	0.783	86.21	-1.67	1.28	16.96
	                      0.20	5.145	4.006	0.779	86.46	-2.08	1.34	12.30
	                      0.25	5.180	4.027	0.777	86.71	-2.56	1.39	6.49
	                      0.30	5.152	4.017	0.780	86.96	-2.99	1.44	5.50
	                      0.35	5.140	4.009	0.780	87.21	-3.46	1.50	4.14
	                      0.40	5.124	3.987	0.778	87.46	-3.71	1.56	4.32





