Model	                 Content	a (Å)	c (Å)	c/a	    V (Å3)	Esub (eV)	μ0Ms (T)	μ0Ha (T)
SmCo5	                  0.00	    4.967	3.943	0.794	84.27	 0.00	    1.14	    44
Sm(Co0.95-xFe0.05Mnx)5	0.05	    5.004	3.945	0.788	85.37	-0.58	    1.24	    27.36
	                      0.1	      5.019	3.953	0.788	86.09	-1.07	    1.29	    19.65
	                      0.15	    5.079	3.989	0.785	87.22	-1.61	    1.35	    12.45
	                      0.2	      5.114	4.003	0.783	88.16	-2.15	    1.41	    8.95
  	                    0.25	    5.082	4.017	0.790	88.64	-2.52	    1.46	    4.74
	                      0.3	      5.077	4.01	0.790	89.3	-2.93	    1.51	    4.23
	                      0.35	    5.06	3.998	0.790	89.91	-3.37	    1.55	    2.46
	                      0.4	      5.039	3.997	0.793	90.64	-3.85	    1.60	    0.56
