Model	                 Content	a (Å)	c (Å)	c/a	    V (Å3)	Esub (eV)	μ0Ms (T)	μ0Ha (T)
SmCo5	                  0.00	    4.967	3.943	0.794	84.27	 0.00	    1.14	    44
Sm(Co0.95-xMn0.05Cux)5	  0.05	    5.052	3.97	0.786	85.73	-0.59	    1.14	    33.26
	                      0.1	    5.078	3.969	0.782	86.18	-0.66	    1.07	    26.50
	                      0.15	    5.11	3.976	0.778	86.84	-0.69	    1.01	    19.75
	                      0.2	    5.072	3.977	0.784	87.06	-0.61	    0.94	    14.83
	                      0.25	    5.065	3.978	0.785	87.18	-0.55	    0.87	    11.55
  	                      0.3	    5.044	3.983	0.790	87.39	-0.47	    0.80	    8.97
	                      0.35	    5.018	4.002	0.798	87.64	-0.4	    0.73	    16.02
	                      0.4	    5.016	4.03	0.803	87.77	-0.31   	0.67	    16.52
