Model	                 Content	a (Å)	c (Å)	c/a	    V (Å3)	Esub (eV)	μ0Ms (T)	μ0Ha (T)
SmCo5	                  0.00	    4.967	3.943	0.794	84.27	 0.00	    1.14	    44
Sm(Co0.95-xMn0.05Fex)5	0.05	    5.02	3.948	0.786	85.41	-0.57	    1.24	    29.30
	                      0.1	      5.033	3.933	0.781	85.67	-0.62	    1.28	    19.12
	                      0.15	    5.036	3.93	0.780	85.98	-0.66	    1.31	    16.04
	                      0.20	    5.057	3.914	0.774	86.39	-0.7	    1.34	    9.01
	                      0.25	    5.064	3.91	0.772	86.62	-0.73	    1.37	    1.97
	                      0.30	    5.073	3.907	0.770	86.76	-0.75	    1.39	   -1.30
	                      0.35	    5.081	3.905	0.769	87.02	-0.77	    1.42	   -4.09
	                      0.40	    5.091	3.905	0.767	87.33	-0.78	    1.44	   -6.05
