Model	                 Content	a (Å)	c (Å)	c/a	    V (Å3)	Esub (eV)	μ0Ms (T)	μ0Ha (T)
SmCo5	                  0.00	    4.967	3.943	0.794	84.27	 0.00	    1.14	    44
Sm(Co0.95-xMn0.05Nix)5	0.05	    5.03	3.964	0.788	85.27	-0.64	    1.16	    35.00
	                      0.10	    5.044	3.965	0.786	85.25	-0.75	    1.12	    28.19
	                      0.15	    5.066	3.963	0.782	85.46	-0.87	    1.07	    22.25
	                      0.20	    5.053	3.961	0.784	85.3	-0.89	    1.04	    14.99
	                      0.25	    5.046	3.961	0.785	85.21	-0.92	    0.99	    12.49
	                      0.30	    5.023	3.968	0.790	85.03	-0.94	    0.95	    15.75
	                      0.35	    4.99	3.972	0.796	85.04	-0.96	    0.91	    14.92
	                      0.40	    4.967	3.976	0.800	85.14	-1.01	    0.86	    10.77
