Model	                 Content	a (Å)	c (Å)	c/a	    V (Å3)	Esub (eV)	μ0Ms (T)	μ0Ha (T)
SmCo5	                  0.00	    4.967	3.943	0.794	84.27	 0.00	    1.14	    44
Sm(Co0.95-xNi0.05Mnx)5	0.05	    5.03	3.965	0.788	85.29	-0.64	    1.16	    34.43
	                      0.10	    5.066	3.979	0.785	85.54	-1.18	    1.23	    26.98
	                      0.15	    5.093	4.001	0.786	85.79	-1.74	    1.30	    22.61
	                      0.20	    5.10	4.009	0.786	86.04	-2.17	    1.36	    12.14
	                      0.25	    5.113	4.032	0.789	86.29	-2.64	    1.42	    7.48
	                      0.30	    5.13	4.024	0.784	86.54	-3.08	    1.47	    6.02
	                      0.35	    5.109	4.01	0.785	86.79	-3.58	    1.53	    4.69
	                      0.40	    5.089	3.999	0.786	87.04	-3.81	    1.59	    5.53
